{
    "camera_angle_x": 0.0005837499929599914,
    "camera_angle_y": 0.0005837499929599914,
    "fl_x": 2055674.4846176624,
    "fl_y": 2055674.4846176624,
    "cx": 600.0,
    "cy": 600.0,
    "w": 1200.0,
    "h": 1200.0,
    "frames": [
        {
            "file_path": "images/Camera1.jpg",
            "transform_matrix": [
                [
                    -0.258819043636322,
                    -0.8365163803100586,
                    0.4829629063606262,
                    344087.03125
                ],
                [
                    0.9659258127212524,
                    -0.2241438925266266,
                    0.129409521818161,
                    92197.84375
                ],
                [
                    0.0,
                    0.5000000596046448,
                    0.8660253882408142,
                    617000.0
                ],
                [
                    0.0,
                    0.0,
                    0.0,
                    1.0
                ]
            ]
        },
        {
            "file_path": "images/Camera2.jpg",
            "transform_matrix": [
                [
                    -0.5446390509605408,
                    -0.7263100147247314,
                    0.4193353056907654,
                    298755.53125
                ],
                [
                    0.8386706113815308,
                    -0.4716712534427643,
                    0.2723195254802704,
                    194014.109375
                ],
                [
                    0.0,
                    0.5,
                    0.8660253882408142,
                    617000.0
                ],
                [
                    0.0,
                    0.0,
                    0.0,
                    1.0
                ]
            ]
        },
        {
            "file_path": "images/Camera3.jpg",
            "transform_matrix": [
                [
                    -0.7771459817886353,
                    -0.5450074672698975,
                    0.3146601915359497,
                    224179.734375
                ],
                [
                    0.6293204426765442,
                    -0.6730281710624695,
                    0.38857296109199524,
                    276838.90625
                ],
                [
                    0.0,
                    0.5000000596046448,
                    0.8660253882408142,
                    617000.0
                ],
                [
                    0.0,
                    0.0,
                    0.0,
                    1.0
                ]
            ]
        },
        {
            "file_path": "images/Camera4.jpg",
            "transform_matrix": [
                [
                    -0.9335804581642151,
                    -0.3103557825088501,
                    0.1791839897632599,
                    127659.6640625
                ],
                [
                    0.3583679795265198,
                    -0.8085044622421265,
                    0.46679022908210754,
                    332564.78125
                ],
                [
                    1.4901159417490817e-08,
                    0.5000000596046448,
                    0.866025447845459,
                    617000.0
                ],
                [
                    0.0,
                    0.0,
                    0.0,
                    1.0
                ]
            ]
        },
        {
            "file_path": "images/Camera5.jpg",
            "transform_matrix": [
                [
                    -0.9986295104026794,
                    -0.04532426968216896,
                    0.0261679794639349,
                    18643.3828125
                ],
                [
                    0.0523359589278698,
                    -0.8648385405540466,
                    0.4993147850036621,
                    355736.9375
                ],
                [
                    0.0,
                    0.5,
                    0.8660253882408142,
                    617000.0
                ],
                [
                    0.0,
                    0.0,
                    0.0,
                    1.0
                ]
            ]
        },
        {
            "file_path": "images/Camera6.jpg",
            "transform_matrix": [
                [
                    -0.9659258127212524,
                    0.2241438925266266,
                    -0.129409521818161,
                    -92197.84375
                ],
                [
                    -0.258819043636322,
                    -0.8365163803100586,
                    0.4829629063606262,
                    344087.03125
                ],
                [
                    0.0,
                    0.5000000596046448,
                    0.8660253882408142,
                    617000.0
                ],
                [
                    0.0,
                    0.0,
                    0.0,
                    1.0
                ]
            ]
        },
        {
            "file_path": "images/Camera7.jpg",
            "transform_matrix": [
                [
                    -0.8386706113815308,
                    0.4716712534427643,
                    -0.2723195254802704,
                    -194014.109375
                ],
                [
                    -0.5446390509605408,
                    -0.7263100147247314,
                    0.4193353056907654,
                    298755.53125
                ],
                [
                    0.0,
                    0.5,
                    0.8660253882408142,
                    617000.0
                ],
                [
                    0.0,
                    0.0,
                    0.0,
                    1.0
                ]
            ]
        },
        {
            "file_path": "images/Camera8.jpg",
            "transform_matrix": [
                [
                    -0.6293204426765442,
                    0.6730281710624695,
                    -0.38857296109199524,
                    -276838.90625
                ],
                [
                    -0.7771459817886353,
                    -0.5450074672698975,
                    0.3146601915359497,
                    224179.734375
                ],
                [
                    0.0,
                    0.5000000596046448,
                    0.8660253882408142,
                    617000.0
                ],
                [
                    0.0,
                    0.0,
                    0.0,
                    1.0
                ]
            ]
        },
        {
            "file_path": "images/Camera9.jpg",
            "transform_matrix": [
                [
                    -0.3583679795265198,
                    0.8085044622421265,
                    -0.46679022908210754,
                    -332564.78125
                ],
                [
                    -0.9335804581642151,
                    -0.3103557825088501,
                    0.1791839897632599,
                    127659.6640625
                ],
                [
                    1.4901159417490817e-08,
                    0.5000000596046448,
                    0.866025447845459,
                    617000.0
                ],
                [
                    0.0,
                    0.0,
                    0.0,
                    1.0
                ]
            ]
        },
        {
            "file_path": "images/Camera10.jpg",
            "transform_matrix": [
                [
                    -0.0523359589278698,
                    0.8648385405540466,
                    -0.4993147850036621,
                    -355736.9375
                ],
                [
                    -0.9986295104026794,
                    -0.04532426968216896,
                    0.0261679794639349,
                    18643.3828125
                ],
                [
                    0.0,
                    0.5,
                    0.8660253882408142,
                    617000.0
                ],
                [
                    0.0,
                    0.0,
                    0.0,
                    1.0
                ]
            ]
        },
        {
            "file_path": "images/Camera11.jpg",
            "transform_matrix": [
                [
                    0.258819043636322,
                    0.8365163803100586,
                    -0.4829629063606262,
                    -344087.03125
                ],
                [
                    -0.9659258127212524,
                    0.2241438925266266,
                    -0.129409521818161,
                    -92197.84375
                ],
                [
                    0.0,
                    0.5000000596046448,
                    0.8660253882408142,
                    617000.0
                ],
                [
                    0.0,
                    0.0,
                    0.0,
                    1.0
                ]
            ]
        },
        {
            "file_path": "images/Camera12.jpg",
            "transform_matrix": [
                [
                    0.5446390509605408,
                    0.7263100147247314,
                    -0.4193353056907654,
                    -298755.53125
                ],
                [
                    -0.8386706113815308,
                    0.4716712534427643,
                    -0.2723195254802704,
                    -194014.109375
                ],
                [
                    0.0,
                    0.5,
                    0.8660253882408142,
                    617000.0
                ],
                [
                    0.0,
                    0.0,
                    0.0,
                    1.0
                ]
            ]
        },
        {
            "file_path": "images/Camera13.jpg",
            "transform_matrix": [
                [
                    0.7771459817886353,
                    0.5450074672698975,
                    -0.3146601915359497,
                    -224179.734375
                ],
                [
                    -0.6293204426765442,
                    0.6730281710624695,
                    -0.38857296109199524,
                    -276838.90625
                ],
                [
                    0.0,
                    0.5000000596046448,
                    0.8660253882408142,
                    617000.0
                ],
                [
                    0.0,
                    0.0,
                    0.0,
                    1.0
                ]
            ]
        },
        {
            "file_path": "images/Camera14.jpg",
            "transform_matrix": [
                [
                    0.9335804581642151,
                    0.3103557825088501,
                    -0.1791839897632599,
                    -127659.6640625
                ],
                [
                    -0.3583679795265198,
                    0.8085044622421265,
                    -0.46679022908210754,
                    -332564.78125
                ],
                [
                    1.4901159417490817e-08,
                    0.5000000596046448,
                    0.866025447845459,
                    617000.0
                ],
                [
                    0.0,
                    0.0,
                    0.0,
                    1.0
                ]
            ]
        },
        {
            "file_path": "images/Camera15.jpg",
            "transform_matrix": [
                [
                    0.9986295104026794,
                    0.04532426968216896,
                    -0.0261679794639349,
                    -18643.3828125
                ],
                [
                    -0.0523359589278698,
                    0.8648385405540466,
                    -0.4993147850036621,
                    -355736.9375
                ],
                [
                    0.0,
                    0.5,
                    0.8660253882408142,
                    617000.0
                ],
                [
                    0.0,
                    0.0,
                    0.0,
                    1.0
                ]
            ]
        },
        {
            "file_path": "images/Camera16.jpg",
            "transform_matrix": [
                [
                    0.9659258127212524,
                    -0.2241438925266266,
                    0.129409521818161,
                    92197.84375
                ],
                [
                    0.258819043636322,
                    0.8365163803100586,
                    -0.4829629063606262,
                    -344087.03125
                ],
                [
                    0.0,
                    0.5000000596046448,
                    0.8660253882408142,
                    617000.0
                ],
                [
                    0.0,
                    0.0,
                    0.0,
                    1.0
                ]
            ]
        },
        {
            "file_path": "images/Camera17.jpg",
            "transform_matrix": [
                [
                    0.8386706113815308,
                    -0.4716712534427643,
                    0.2723195254802704,
                    194014.109375
                ],
                [
                    0.5446390509605408,
                    0.7263100147247314,
                    -0.4193353056907654,
                    -298755.53125
                ],
                [
                    0.0,
                    0.5,
                    0.8660253882408142,
                    617000.0
                ],
                [
                    0.0,
                    0.0,
                    0.0,
                    1.0
                ]
            ]
        },
        {
            "file_path": "images/Camera18.jpg",
            "transform_matrix": [
                [
                    0.6293204426765442,
                    -0.6730281710624695,
                    0.38857296109199524,
                    276838.90625
                ],
                [
                    0.7771459817886353,
                    0.5450074672698975,
                    -0.3146601915359497,
                    -224179.734375
                ],
                [
                    0.0,
                    0.5000000596046448,
                    0.8660253882408142,
                    617000.0
                ],
                [
                    0.0,
                    0.0,
                    0.0,
                    1.0
                ]
            ]
        },
        {
            "file_path": "images/Camera19.jpg",
            "transform_matrix": [
                [
                    0.3583679795265198,
                    -0.8085044622421265,
                    0.46679022908210754,
                    332564.78125
                ],
                [
                    0.9335804581642151,
                    0.3103557825088501,
                    -0.1791839897632599,
                    -127659.6640625
                ],
                [
                    1.4901159417490817e-08,
                    0.5000000596046448,
                    0.866025447845459,
                    617000.0
                ],
                [
                    0.0,
                    0.0,
                    0.0,
                    1.0
                ]
            ]
        },
        {
            "file_path": "images/Camera20.jpg",
            "transform_matrix": [
                [
                    0.0523359589278698,
                    -0.8648385405540466,
                    0.4993147850036621,
                    355736.9375
                ],
                [
                    0.9986295104026794,
                    0.04532426968216896,
                    -0.0261679794639349,
                    -18643.3828125
                ],
                [
                    0.0,
                    0.5,
                    0.8660253882408142,
                    617000.0
                ],
                [
                    0.0,
                    0.0,
                    0.0,
                    1.0
                ]
            ]
        }
    ]
}