{
    "camera_angle_x": 0.6911111611634243,
    "camera_angle_y": 0.6911111611634243,
    "fl_x": 277.77777777777777,
    "fl_y": 277.77777777777777,
    "cx": 100.0,
    "cy": 100.0,
    "w": 200.0,
    "h": 200.0,
    "frames": [
        {
            "file_path": "images/Camera1.jpg",
            "transform_matrix": [
                [
                    5.8273364800243144e-08,
                    -0.9807852506637573,
                    0.19509030878543854,
                    78.03612518310547
                ],
                [
                    0.9999999403953552,
                    2.9355572195299828e-08,
                    -1.468036430196662e-07,
                    0.0
                ],
                [
                    1.468036430196662e-07,
                    0.19509030878543854,
                    0.9807853102684021,
                    392.3141174316406
                ],
                [
                    0.0,
                    0.0,
                    0.0,
                    1.0
                ]
            ]
        },
        {
            "file_path": "images/Camera2.jpg",
            "transform_matrix": [
                [
                    -0.40673691034317017,
                    -0.8959921002388,
                    0.17822401225566864,
                    71.28955078125
                ],
                [
                    0.9135456681251526,
                    -0.39892157912254333,
                    0.0793503075838089,
                    31.74015235900879
                ],
                [
                    1.2667976534430636e-07,
                    0.1950904130935669,
                    0.9807852506637573,
                    392.3141174316406
                ],
                [
                    0.0,
                    0.0,
                    0.0,
                    1.0
                ]
            ]
        },
        {
            "file_path": "images/Camera3.jpg",
            "transform_matrix": [
                [
                    -0.7431447505950928,
                    -0.6562734842300415,
                    0.13054104149341583,
                    52.21636199951172
                ],
                [
                    0.6691306233406067,
                    -0.7288654446601868,
                    0.14498038589954376,
                    57.99214553833008
                ],
                [
                    7.823130232509357e-08,
                    0.1950904279947281,
                    0.9807852506637573,
                    392.3141174316406
                ],
                [
                    0.0,
                    0.0,
                    0.0,
                    1.0
                ]
            ]
        },
        {
            "file_path": "images/Camera4.jpg",
            "transform_matrix": [
                [
                    -0.951056718826294,
                    -0.30307939648628235,
                    0.06028632074594498,
                    24.114490509033203
                ],
                [
                    0.3090170919895172,
                    -0.9327823519706726,
                    0.1855420619249344,
                    74.21676635742188
                ],
                [
                    3.905452317098934e-08,
                    0.19509048759937286,
                    0.9807852506637573,
                    392.3141174316406
                ],
                [
                    0.0,
                    0.0,
                    0.0,
                    1.0
                ]
            ]
        },
        {
            "file_path": "images/Camera5.jpg",
            "transform_matrix": [
                [
                    -0.9945220947265625,
                    0.10252001136541367,
                    -0.02039252407848835,
                    -8.156996726989746
                ],
                [
                    -0.10452850908041,
                    -0.9754126071929932,
                    0.19402174651622772,
                    77.60863494873047
                ],
                [
                    -1.1733923166445948e-08,
                    0.19509047269821167,
                    0.9807852506637573,
                    392.3141174316406
                ],
                [
                    0.0,
                    0.0,
                    0.0,
                    1.0
                ]
            ]
        },
        {
            "file_path": "images/Camera6.jpg",
            "transform_matrix": [
                [
                    -0.8660256266593933,
                    0.4903927743434906,
                    -0.0975453108549118,
                    -39.018062591552734
                ],
                [
                    -0.5000001788139343,
                    -0.8493852019309998,
                    0.16895326972007751,
                    67.58126831054688
                ],
                [
                    -6.596899737587592e-08,
                    0.19509047269821167,
                    0.9807852506637573,
                    392.3141174316406
                ],
                [
                    0.0,
                    0.0,
                    0.0,
                    1.0
                ]
            ]
        },
        {
            "file_path": "images/Camera7.jpg",
            "transform_matrix": [
                [
                    -0.5877851843833923,
                    0.7934719324111938,
                    -0.15783153474330902,
                    -63.13255310058594
                ],
                [
                    -0.80901700258255,
                    -0.5764910578727722,
                    0.11467117816209793,
                    45.86848449707031
                ],
                [
                    -1.1884757356028786e-07,
                    0.1950904279947281,
                    0.9807852506637573,
                    392.3141174316406
                ],
                [
                    0.0,
                    0.0,
                    0.0,
                    1.0
                ]
            ]
        },
        {
            "file_path": "images/Camera8.jpg",
            "transform_matrix": [
                [
                    -0.20791196823120117,
                    0.959352970123291,
                    -0.19082722067832947,
                    -76.33084869384766
                ],
                [
                    -0.9781478047370911,
                    -0.2039170265197754,
                    0.040561430156230927,
                    16.22462272644043
                ],
                [
                    -1.541309870844998e-07,
                    0.1950903832912445,
                    0.9807852506637573,
                    392.3141174316406
                ],
                [
                    0.0,
                    0.0,
                    0.0,
                    1.0
                ]
            ]
        },
        {
            "file_path": "images/Camera9.jpg",
            "transform_matrix": [
                [
                    0.20791175961494446,
                    0.9593528509140015,
                    -0.19082707166671753,
                    -76.33084869384766
                ],
                [
                    -0.9781476855278015,
                    0.2039167582988739,
                    -0.04056171327829361,
                    -16.22462272644043
                ],
                [
                    -1.3617801641885308e-07,
                    0.19509029388427734,
                    0.9807853102684021,
                    392.3141174316406
                ],
                [
                    0.0,
                    0.0,
                    0.0,
                    1.0
                ]
            ]
        },
        {
            "file_path": "images/Camera10.jpg",
            "transform_matrix": [
                [
                    0.5877851843833923,
                    0.793472170829773,
                    -0.15783126652240753,
                    -63.13255310058594
                ],
                [
                    -0.8090171813964844,
                    0.5764910578727722,
                    -0.11467127501964569,
                    -45.86848449707031
                ],
                [
                    -1.1828644375100339e-07,
                    0.19509026408195496,
                    0.9807853102684021,
                    392.3141174316406
                ],
                [
                    0.0,
                    0.0,
                    0.0,
                    1.0
                ]
            ]
        },
        {
            "file_path": "images/Camera11.jpg",
            "transform_matrix": [
                [
                    0.8660253882408142,
                    0.4903927147388458,
                    -0.09754505008459091,
                    -39.018062591552734
                ],
                [
                    -0.5000000596046448,
                    0.8493849635124207,
                    -0.16895313560962677,
                    -67.58126831054688
                ],
                [
                    -6.652405915019699e-08,
                    0.19509023427963257,
                    0.9807853102684021,
                    392.3141174316406
                ],
                [
                    0.0,
                    0.0,
                    0.0,
                    1.0
                ]
            ]
        },
        {
            "file_path": "images/Camera12.jpg",
            "transform_matrix": [
                [
                    0.9945219159126282,
                    0.10252003371715546,
                    -0.020392468199133873,
                    -8.156996726989746
                ],
                [
                    -0.1045285165309906,
                    0.9754124283790588,
                    -0.19402149319648743,
                    -77.60863494873047
                ],
                [
                    -1.8841088689214303e-08,
                    0.19509021937847137,
                    0.9807853102684021,
                    392.3141174316406
                ],
                [
                    0.0,
                    0.0,
                    0.0,
                    1.0
                ]
            ]
        },
        {
            "file_path": "images/Camera13.jpg",
            "transform_matrix": [
                [
                    0.9510564804077148,
                    -0.30307936668395996,
                    0.06028613820672035,
                    24.114490509033203
                ],
                [
                    0.30901703238487244,
                    0.9327822327613831,
                    -0.1855418086051941,
                    -74.21676635742188
                ],
                [
                    5.129758662292261e-08,
                    0.195090189576149,
                    0.9807853102684021,
                    392.3141174316406
                ],
                [
                    0.0,
                    0.0,
                    0.0,
                    1.0
                ]
            ]
        },
        {
            "file_path": "images/Camera14.jpg",
            "transform_matrix": [
                [
                    0.7431448698043823,
                    -0.6562734246253967,
                    0.13054075837135315,
                    52.21636199951172
                ],
                [
                    0.6691305637359619,
                    0.7288655638694763,
                    -0.14498035609722137,
                    -57.99214553833008
                ],
                [
                    8.727674583042244e-08,
                    0.19509021937847137,
                    0.9807853102684021,
                    392.3141174316406
                ],
                [
                    0.0,
                    0.0,
                    0.0,
                    1.0
                ]
            ]
        },
        {
            "file_path": "images/Camera15.jpg",
            "transform_matrix": [
                [
                    0.4067365229129791,
                    -0.8959921002388,
                    0.17822378873825073,
                    71.28955078125
                ],
                [
                    0.9135456085205078,
                    0.3989211916923523,
                    -0.07935052365064621,
                    -31.74015235900879
                ],
                [
                    1.668037157287472e-07,
                    0.19509029388427734,
                    0.9807853102684021,
                    392.3141174316406
                ],
                [
                    0.0,
                    0.0,
                    0.0,
                    1.0
                ]
            ]
        },
        {
            "file_path": "images/Camera16.jpg",
            "transform_matrix": [
                [
                    1.058730845215905e-07,
                    -0.9238795042037964,
                    0.3826834559440613,
                    153.07337951660156
                ],
                [
                    1.0,
                    6.476087577311773e-08,
                    -1.1978740133145038e-07,
                    0.0
                ],
                [
                    8.689763575375764e-08,
                    0.3826834559440613,
                    0.9238795042037964,
                    369.55181884765625
                ],
                [
                    0.0,
                    0.0,
                    0.0,
                    1.0
                ]
            ]
        },
        {
            "file_path": "images/Camera17.jpg",
            "transform_matrix": [
                [
                    -0.40673696994781494,
                    -0.8440061807632446,
                    0.34959882497787476,
                    139.8394775390625
                ],
                [
                    0.9135456681251526,
                    -0.3757759630680084,
                    0.15565140545368195,
                    62.26055145263672
                ],
                [
                    1.163286000860353e-08,
                    0.38268354535102844,
                    0.9238795042037964,
                    369.55181884765625
                ],
                [
                    0.0,
                    0.0,
                    0.0,
                    1.0
                ]
            ]
        },
        {
            "file_path": "images/Camera18.jpg",
            "transform_matrix": [
                [
                    -0.7431449294090271,
                    -0.6181961894035339,
                    0.2560652494430542,
                    102.42607879638672
                ],
                [
                    0.6691307425498962,
                    -0.6865763664245605,
                    0.2843892276287079,
                    113.75568389892578
                ],
                [
                    -9.332482342472304e-09,
                    0.3826834559440613,
                    0.9238795042037964,
                    369.55181884765625
                ],
                [
                    0.0,
                    0.0,
                    0.0,
                    1.0
                ]
            ]
        },
        {
            "file_path": "images/Camera19.jpg",
            "transform_matrix": [
                [
                    -0.9510567784309387,
                    -0.28549453616142273,
                    0.11825574934482574,
                    47.30227279663086
                ],
                [
                    0.3090170621871948,
                    -0.8786618709564209,
                    0.36395373940467834,
                    145.58143615722656
                ],
                [
                    4.794010521891323e-09,
                    0.3826836049556732,
                    0.9238794445991516,
                    369.55181884765625
                ],
                [
                    0.0,
                    0.0,
                    0.0,
                    1.0
                ]
            ]
        },
        {
            "file_path": "images/Camera20.jpg",
            "transform_matrix": [
                [
                    -0.994521975517273,
                    0.09657174348831177,
                    -0.04000133275985718,
                    -16.000524520874023
                ],
                [
                    -0.1045285016298294,
                    -0.918818473815918,
                    0.3805871307849884,
                    152.2348175048828
                ],
                [
                    2.708182567090489e-10,
                    0.38268351554870605,
                    0.9238795042037964,
                    369.55181884765625
                ],
                [
                    0.0,
                    0.0,
                    0.0,
                    1.0
                ]
            ]
        },
        {
            "file_path": "images/Camera21.jpg",
            "transform_matrix": [
                [
                    -0.8660253882408142,
                    0.46193984150886536,
                    -0.1913418173789978,
                    -76.53668975830078
                ],
                [
                    -0.5000001192092896,
                    -0.8001031279563904,
                    0.3314135670661926,
                    132.5654296875
                ],
                [
                    -4.328553515620115e-08,
                    0.38268348574638367,
                    0.9238795042037964,
                    369.55181884765625
                ],
                [
                    0.0,
                    0.0,
                    0.0,
                    1.0
                ]
            ]
        },
        {
            "file_path": "images/Camera22.jpg",
            "transform_matrix": [
                [
                    -0.5877853631973267,
                    0.7474343180656433,
                    -0.3095974922180176,
                    -123.83895874023438
                ],
                [
                    -0.8090170621871948,
                    -0.5430428385734558,
                    0.22493571043014526,
                    89.97427368164062
                ],
                [
                    -9.405988876665106e-09,
                    0.38268351554870605,
                    0.9238795042037964,
                    369.55181884765625
                ],
                [
                    0.0,
                    0.0,
                    0.0,
                    1.0
                ]
            ]
        },
        {
            "file_path": "images/Camera23.jpg",
            "transform_matrix": [
                [
                    -0.20791177451610565,
                    0.9036906361579895,
                    -0.3743208944797516,
                    -149.7283477783203
                ],
                [
                    -0.9781476855278015,
                    -0.19208545982837677,
                    0.07956431061029434,
                    31.82574462890625
                ],
                [
                    -4.223568694783353e-08,
                    0.3826834261417389,
                    0.9238795638084412,
                    369.55181884765625
                ],
                [
                    0.0,
                    0.0,
                    0.0,
                    1.0
                ]
            ]
        },
        {
            "file_path": "images/Camera24.jpg",
            "transform_matrix": [
                [
                    0.20791177451610565,
                    0.9036906361579895,
                    -0.3743208944797516,
                    -149.7283477783203
                ],
                [
                    -0.9781476855278015,
                    0.192085400223732,
                    -0.07956448942422867,
                    -31.82574462890625
                ],
                [
                    -6.6781232987978e-08,
                    0.38268348574638367,
                    0.9238795042037964,
                    369.55181884765625
                ],
                [
                    0.0,
                    0.0,
                    0.0,
                    1.0
                ]
            ]
        },
        {
            "file_path": "images/Camera25.jpg",
            "transform_matrix": [
                [
                    0.5877851843833923,
                    0.7474343180656433,
                    -0.309597373008728,
                    -123.83895874023438
                ],
                [
                    -0.8090170621871948,
                    0.5430427193641663,
                    -0.22493571043014526,
                    -89.97427368164062
                ],
                [
                    -4.2185522630688865e-08,
                    0.3826834261417389,
                    0.9238795638084412,
                    369.55181884765625
                ],
                [
                    0.0,
                    0.0,
                    0.0,
                    1.0
                ]
            ]
        },
        {
            "file_path": "images/Camera26.jpg",
            "transform_matrix": [
                [
                    0.8660253286361694,
                    0.4619399905204773,
                    -0.19134168326854706,
                    -76.53668975830078
                ],
                [
                    -0.5000001788139343,
                    0.8001030683517456,
                    -0.331413596868515,
                    -132.5654296875
                ],
                [
                    -7.488772979513669e-08,
                    0.3826834261417389,
                    0.9238795638084412,
                    369.55181884765625
                ],
                [
                    0.0,
                    0.0,
                    0.0,
                    1.0
                ]
            ]
        },
        {
            "file_path": "images/Camera27.jpg",
            "transform_matrix": [
                [
                    0.9945219159126282,
                    0.09657172858715057,
                    -0.04000129550695419,
                    -16.000524520874023
                ],
                [
                    -0.10452847927808762,
                    0.918818473815918,
                    -0.3805869221687317,
                    -152.2348175048828
                ],
                [
                    -8.924407879362661e-09,
                    0.38268330693244934,
                    0.9238795638084412,
                    369.55181884765625
                ],
                [
                    0.0,
                    0.0,
                    0.0,
                    1.0
                ]
            ]
        },
        {
            "file_path": "images/Camera28.jpg",
            "transform_matrix": [
                [
                    0.9510565400123596,
                    -0.28549453616142273,
                    0.1182556226849556,
                    47.30227279663086
                ],
                [
                    0.30901700258255005,
                    0.8786616921424866,
                    -0.36395350098609924,
                    -145.58143615722656
                ],
                [
                    3.949263316371798e-08,
                    0.3826833665370941,
                    0.9238795638084412,
                    369.55181884765625
                ],
                [
                    0.0,
                    0.0,
                    0.0,
                    1.0
                ]
            ]
        },
        {
            "file_path": "images/Camera29.jpg",
            "transform_matrix": [
                [
                    0.7431448101997375,
                    -0.6181961297988892,
                    0.25606510043144226,
                    102.42607879638672
                ],
                [
                    0.6691306233406067,
                    0.6865763068199158,
                    -0.2843891382217407,
                    -113.75568389892578
                ],
                [
                    5.725077301121928e-08,
                    0.38268333673477173,
                    0.9238795638084412,
                    369.55181884765625
                ],
                [
                    0.0,
                    0.0,
                    0.0,
                    1.0
                ]
            ]
        },
        {
            "file_path": "images/Camera30.jpg",
            "transform_matrix": [
                [
                    0.40673649311065674,
                    -0.8440061211585999,
                    0.34959864616394043,
                    139.8394775390625
                ],
                [
                    0.9135456085205078,
                    0.3757755160331726,
                    -0.15565139055252075,
                    -62.26055145263672
                ],
                [
                    7.584506533930835e-08,
                    0.3826833665370941,
                    0.9238795638084412,
                    369.55181884765625
                ],
                [
                    0.0,
                    0.0,
                    0.0,
                    1.0
                ]
            ]
        },
        {
            "file_path": "images/Camera31.jpg",
            "transform_matrix": [
                [
                    2.603458248984225e-08,
                    -0.8314696550369263,
                    0.5555702447891235,
                    222.22808837890625
                ],
                [
                    1.0,
                    2.603458248984225e-08,
                    -2.446916980147762e-08,
                    0.0
                ],
                [
                    -2.446916980147762e-08,
                    0.5555702447891235,
                    0.8314695954322815,
                    332.5878601074219
                ],
                [
                    0.0,
                    0.0,
                    0.0,
                    1.0
                ]
            ]
        },
        {
            "file_path": "images/Camera32.jpg",
            "transform_matrix": [
                [
                    -0.40673670172691345,
                    -0.7595853209495544,
                    0.5075386762619019,
                    203.01547241210938
                ],
                [
                    0.9135454893112183,
                    -0.33818918466567993,
                    0.2259708195924759,
                    90.3883056640625
                ],
                [
                    -4.3022687634675094e-08,
                    0.5555702447891235,
                    0.8314695954322815,
                    332.5878601074219
                ],
                [
                    0.0,
                    0.0,
                    0.0,
                    1.0
                ]
            ]
        },
        {
            "file_path": "images/Camera33.jpg",
            "transform_matrix": [
                [
                    -0.7431450486183167,
                    -0.5563619136810303,
                    0.37174907326698303,
                    148.69961547851562
                ],
                [
                    0.6691307425498962,
                    -0.6179025173187256,
                    0.4128692150115967,
                    165.1476593017578
                ],
                [
                    -7.847160077290027e-08,
                    0.5555703043937683,
                    0.8314695954322815,
                    332.5878601074219
                ],
                [
                    0.0,
                    0.0,
                    0.0,
                    1.0
                ]
            ]
        },
        {
            "file_path": "images/Camera34.jpg",
            "transform_matrix": [
                [
                    -0.9510565996170044,
                    -0.2569383382797241,
                    0.17168064415454865,
                    68.67225646972656
                ],
                [
                    0.3090170919895172,
                    -0.7907747030258179,
                    0.5283786654472351,
                    211.35147094726562
                ],
                [
                    -3.750368904320567e-08,
                    0.5555701851844788,
                    0.8314696550369263,
                    332.5878601074219
                ],
                [
                    0.0,
                    0.0,
                    0.0,
                    1.0
                ]
            ]
        },
        {
            "file_path": "images/Camera35.jpg",
            "transform_matrix": [
                [
                    -0.9945222735404968,
                    0.08691229671239853,
                    -0.058072902262210846,
                    -23.22916030883789
                ],
                [
                    -0.10452850908041,
                    -0.8269151449203491,
                    0.5525267720222473,
                    221.01071166992188
                ],
                [
                    2.075005767210314e-08,
                    0.5555702447891235,
                    0.8314696550369263,
                    332.5878601074219
                ],
                [
                    0.0,
                    0.0,
                    0.0,
                    1.0
                ]
            ]
        },
        {
            "file_path": "images/Camera36.jpg",
            "transform_matrix": [
                [
                    -0.8660256266593933,
                    0.41573500633239746,
                    -0.27778512239456177,
                    -111.11404418945312
                ],
                [
                    -0.5000001788139343,
                    -0.7200740575790405,
                    0.4811379313468933,
                    192.45516967773438
                ],
                [
                    7.403306767628237e-08,
                    0.5555702447891235,
                    0.8314696550369263,
                    332.5878601074219
                ],
                [
                    0.0,
                    0.0,
                    0.0,
                    1.0
                ]
            ]
        },
        {
            "file_path": "images/Camera37.jpg",
            "transform_matrix": [
                [
                    -0.5877854228019714,
                    0.6726731061935425,
                    -0.449465811252594,
                    -179.7863006591797
                ],
                [
                    -0.8090170621871948,
                    -0.48872584104537964,
                    0.32655593752861023,
                    130.6223907470703
                ],
                [
                    -1.1063183080750605e-07,
                    0.5555702447891235,
                    0.8314696550369263,
                    332.5878601074219
                ],
                [
                    0.0,
                    0.0,
                    0.0,
                    1.0
                ]
            ]
        },
        {
            "file_path": "images/Camera38.jpg",
            "transform_matrix": [
                [
                    -0.20791171491146088,
                    0.8133000731468201,
                    -0.5434296727180481,
                    -217.3718719482422
                ],
                [
                    -0.9781476259231567,
                    -0.17287226021289825,
                    0.11550958454608917,
                    46.203819274902344
                ],
                [
                    5.192714525037445e-08,
                    0.5555701851844788,
                    0.8314696550369263,
                    332.5878601074219
                ],
                [
                    0.0,
                    0.0,
                    0.0,
                    1.0
                ]
            ]
        },
        {
            "file_path": "images/Camera39.jpg",
            "transform_matrix": [
                [
                    0.2079116404056549,
                    0.8133000135421753,
                    -0.5434297323226929,
                    -217.3718719482422
                ],
                [
                    -0.9781476259231567,
                    0.17287218570709229,
                    -0.11550954729318619,
                    -46.203819274902344
                ],
                [
                    -3.384380775628415e-09,
                    0.5555703043937683,
                    0.8314695954322815,
                    332.5878601074219
                ],
                [
                    0.0,
                    0.0,
                    0.0,
                    1.0
                ]
            ]
        },
        {
            "file_path": "images/Camera40.jpg",
            "transform_matrix": [
                [
                    0.5877851843833923,
                    0.6726731657981873,
                    -0.4494657516479492,
                    -179.7863006591797
                ],
                [
                    -0.8090170621871948,
                    0.4887255132198334,
                    -0.326555997133255,
                    -130.6223907470703
                ],
                [
                    -4.803219155746774e-08,
                    0.5555702447891235,
                    0.8314696550369263,
                    332.5878601074219
                ],
                [
                    0.0,
                    0.0,
                    0.0,
                    1.0
                ]
            ]
        },
        {
            "file_path": "images/Camera41.jpg",
            "transform_matrix": [
                [
                    0.866025447845459,
                    0.41573476791381836,
                    -0.27778512239456177,
                    -111.11404418945312
                ],
                [
                    -0.4999999701976776,
                    0.7200738191604614,
                    -0.4811379015445709,
                    -192.45516967773438
                ],
                [
                    4.43734364807824e-08,
                    0.5555701851844788,
                    0.8314696550369263,
                    332.5878601074219
                ],
                [
                    0.0,
                    0.0,
                    0.0,
                    1.0
                ]
            ]
        },
        {
            "file_path": "images/Camera42.jpg",
            "transform_matrix": [
                [
                    0.9945219159126282,
                    0.08691225200891495,
                    -0.05807292088866234,
                    -23.22916030883789
                ],
                [
                    -0.10452847927808762,
                    0.8269146680831909,
                    -0.5525269508361816,
                    -221.01071166992188
                ],
                [
                    2.453610870034595e-09,
                    0.5555704236030579,
                    0.8314695358276367,
                    332.5878601074219
                ],
                [
                    0.0,
                    0.0,
                    0.0,
                    1.0
                ]
            ]
        },
        {
            "file_path": "images/Camera43.jpg",
            "transform_matrix": [
                [
                    0.9510565400123596,
                    -0.25693821907043457,
                    0.17168065905570984,
                    68.67225646972656
                ],
                [
                    0.30901697278022766,
                    0.7907745838165283,
                    -0.5283787846565247,
                    -211.35147094726562
                ],
                [
                    -6.997381341022901e-09,
                    0.5555703043937683,
                    0.8314695954322815,
                    332.5878601074219
                ],
                [
                    0.0,
                    0.0,
                    0.0,
                    1.0
                ]
            ]
        },
        {
            "file_path": "images/Camera44.jpg",
            "transform_matrix": [
                [
                    0.7431448698043823,
                    -0.556361734867096,
                    0.37174904346466064,
                    148.69961547851562
                ],
                [
                    0.6691305637359619,
                    0.617902398109436,
                    -0.4128691256046295,
                    -165.1476593017578
                ],
                [
                    -4.4589192782495957e-08,
                    0.5555701851844788,
                    0.8314695954322815,
                    332.5878601074219
                ],
                [
                    0.0,
                    0.0,
                    0.0,
                    1.0
                ]
            ]
        },
        {
            "file_path": "images/Camera45.jpg",
            "transform_matrix": [
                [
                    0.4067366123199463,
                    -0.7595853209495544,
                    0.5075386762619019,
                    203.01547241210938
                ],
                [
                    0.9135454893112183,
                    0.33818915486335754,
                    -0.22597074508666992,
                    -90.3883056640625
                ],
                [
                    -3.587864938481289e-08,
                    0.5555702447891235,
                    0.8314695954322815,
                    332.5878601074219
                ],
                [
                    0.0,
                    0.0,
                    0.0,
                    1.0
                ]
            ]
        },
        {
            "file_path": "images/Camera46.jpg",
            "transform_matrix": [
                [
                    -1.0813396755793292e-07,
                    -0.7071068286895752,
                    0.7071068286895752,
                    282.84271240234375
                ],
                [
                    1.0000001192092896,
                    -4.3618367584485895e-08,
                    7.787722466900959e-08,
                    0.0
                ],
                [
                    -7.787722466900959e-08,
                    0.7071068286895752,
                    0.7071067690849304,
                    282.84271240234375
                ],
                [
                    0.0,
                    0.0,
                    0.0,
                    1.0
                ]
            ]
        },
        {
            "file_path": "images/Camera47.jpg",
            "transform_matrix": [
                [
                    -0.4067368507385254,
                    -0.6459742188453674,
                    0.6459740996360779,
                    258.3896789550781
                ],
                [
                    0.9135454297065735,
                    -0.287606418132782,
                    0.2876063287258148,
                    115.04249572753906
                ],
                [
                    1.7709513855379555e-08,
                    0.7071067690849304,
                    0.7071068286895752,
                    282.84271240234375
                ],
                [
                    0.0,
                    0.0,
                    0.0,
                    1.0
                ]
            ]
        },
